57,101,1,1,2
57,856,2,1,2
314,568,4,3,2
324,628,1,1,2
324,51,10,1,2
324,845,2,1,2
324,773,1,1,2
324,236,7,1,2
324,366,6,1,2
324,554,1,1,2
324,149,1,1,2
324,833,6,1,2
324,210,8,1,2
324,224,9,1,2
324,624,1,1,2
324,469,5,1,2
324,409,1,1,2
324,485,7,1,2
391,378,14,1,2
391,197,12,1,2
391,710,11,1,2
391,805,12,1,2
391,409,1,1,2
391,110,12,1,2
391,755,12,1,2
391,593,14,1,2
391,597,1,1,2
391,238,3,1,2
391,173,17,1,2
391,614,9,1,2
391,489,12,1,2
391,415,12,1,2
391,926,12,1,2
391,279,15,1,2
391,604,17,1,2
391,759,22,1,2
391,825,11,1,2
391,411,19,1,2
391,592,20,1,2
391,261,12,1,2
391,182,13,1,2
391,193,12,1,2
391,44,21,1,2
391,181,11,1,2
391,548,12,1,2
391,438,12,1,2
391,318,14,1,2
391,296,12,1,2
391,139,16,1,2
391,766,12,1,2
391,953,21,1,2
391,745,19,1,2
391,121,18,1,2
471,860,3,1,2
471,262,23,1,2
471,756,12,2,2
471,887,1,1,2
471,599,5,2,2
471,118,24,2,2
471,534,1,2,2
471,403,1,1,2
471,707,3,1,2
594,127,1,1,2
594,84,5,1,2
594,711,13,1,2
594,412,21,1,2
594,51,10,1,2
594,99,3,1,2
594,579,1,1,2
594,566,29,1,2
594,230,16,10,2
594,673,1,1,2
594,9,5,1,2
594,812,24,1,2
594,289,28,1,2
594,448,26,2,2
594,623,30,1,2
594,174,1,1,2
594,345,1,1,2
594,580,24,1,2
594,132,16,1,2
594,394,1,2,2
594,599,5,4,2
640,352,7,1,2
640,409,1,1,2
640,628,1,1,2
640,476,31,1,2
646,367,1,5,2
646,32,20,2,2
710,145,3,1,2
710,750,33,1,2
710,544,9,1,2
710,400,23,1,2
710,502,21,1,2
710,958,21,1,2
710,738,23,1,2
710,759,22,1,2
710,238,3,1,2
710,589,24,1,2
714,658,16,1,2
865,469,5,1,2
118,856,2,1,2
140,948,3,2,2
140,96,18,1,2
140,913,1,1,2
140,99,3,1,2
140,599,5,2,2
140,421,3,1,2
140,663,37,6,2
140,48,34,1,2
140,774,46,2,2
140,688,3,1,2
140,62,29,1,2
140,509,12,1,2
140,459,3,1,2
140,895,49,1,2
140,386,16,2,2
140,809,26,1,2
140,610,24,1,2
140,299,46,1,2
140,470,39,1,2
140,477,12,1,2
140,220,9,1,2
140,479,34,4,2
140,346,16,2,2
140,777,45,1,2
140,325,42,1,2
140,707,3,1,2
140,321,16,1,2
140,122,3,1,2
140,908,16,1,2
140,207,12,1,2
140,280,15,2,2
140,351,5,1,2
140,92,48,1,2
140,370,3,2,2
140,590,16,1,2
140,482,34,2,2
140,88,39,1,2
140,355,24,4,2
140,673,1,1,2
140,229,12,1,2
140,867,11,2,2
140,735,26,1,2
140,115,24,1,2
140,800,9,1,2
140,277,34,1,2
140,728,25,1,2
140,761,34,1,2
140,225,12,1,2
140,29,11,1,2
140,127,1,2,2
140,255,12,3,2
140,457,25,1,2
140,394,1,1,2
140,161,24,1,2
140,169,46,1,2
140,301,34,1,2
140,616,26,1,2
140,717,16,1,2
140,150,3,1,2
140,694,12,1,2
140,710,11,1,2
140,718,1,2,2
140,584,46,1,2
140,868,16,1,2
140,123,15,1,2
140,601,12,1,2
140,363,12,1,2
140,543,16,1,2
140,278,12,1,2
140,238,3,1,2
140,138,41,1,2
140,176,3,1,2
140,373,47,1,2
140,623,30,1,2
140,702,16,3,2
140,209,40,1,2
140,582,33,3,2
140,742,1,60,2
140,418,50,1,2
140,530,16,1,2
140,239,2,1,2
140,798,2,1,2
140,592,20,1,2
140,534,1,1,2
140,662,41,1,2
140,456,1,5,2
140,350,5,1,2
140,669,34,1,2
140,916,1,2,2
140,955,12,1,2
140,956,36,1,2
140,267,25,1,2
140,441,12,1,2
140,49,1,2,2
140,723,16,1,2
140,790,12,1,2
140,379,34,2,2
140,97,11,1,2
140,235,4,1,2
140,727,38,1,2
140,491,2,1,2
140,863,35,6,2
140,170,1,1,2
140,268,1,2,2
140,137,34,1,2
140,939,26,1,2
140,586,1,1,2
140,507,12,1,2
140,585,16,1,2
140,322,34,1,2
140,497,35,1,2
140,597,1,1,2
140,570,3,1,2
140,724,16,1,2
380,469,5,1,2
380,38,51,1,2
380,572,51,1,2
380,403,1,1,2
380,118,24,1,2
380,104,11,1,2
382,10,24,1,2
382,457,25,1,2
382,145,3,1,2
382,207,12,1,2
382,51,10,1,2
382,854,9,1,2
382,856,2,1,2
382,768,3,1,2
382,759,22,1,2
130,64,27,1,2
130,592,20,1,2
264,619,3,1,2
264,98,46,2,2
264,685,34,1,2
264,716,16,3,2
264,790,12,10,2
264,869,5,1,2
264,516,3,63,2
264,303,39,1,2
264,756,12,1,2
264,637,46,1,2
264,394,1,1,2
264,53,18,1,2
264,469,5,9,2
53,32,20,1,2
53,756,12,2,2
53,469,5,1,2
53,658,16,1,2
53,613,5,1,2
53,121,18,1,2
53,277,34,1,2
779,398,1,2,2
779,160,1,1,2
779,288,52,1,2
782,49,1,1,2
782,707,3,1,2
782,508,9,3,2
782,619,3,1,2
782,412,21,1,2
782,11,11,1,2
782,599,5,1,2
782,345,1,1,2
782,685,34,3,2
782,448,26,1,2
782,867,11,3,2
782,203,54,1,2
782,660,55,1,2
782,239,2,1,2
782,226,1,1,2
782,497,35,2,2
782,479,34,2,2
782,124,53,1,2
782,104,11,1,2
782,252,41,1,2
782,863,35,1,2
782,792,9,1,2
782,585,16,1,2
782,703,56,1,2
782,727,38,1,2
782,397,53,1,2
782,731,38,1,2
793,152,41,1,2
793,874,46,1,2
795,65,33,1,2
799,238,3,2,2
801,51,10,1,2
803,378,14,1,2
803,209,40,1,2
803,221,10,1,2
810,380,29,1,2
810,780,57,2,2
810,32,20,1,2
813,856,2,1,2
818,184,27,1,2
820,240,11,1,2
821,742,1,1,2
821,51,10,1,2
829,953,21,1,2
829,502,21,1,2
830,396,27,1,2
830,339,46,1,2
830,457,25,2,2
830,238,3,3,2
830,739,3,1,2
830,422,5,1,2
830,546,62,1,2
830,901,59,4,2
830,50,24,1,2
830,455,27,5,2
830,658,16,1,2
830,881,3,1,2
830,520,12,1,2
830,509,12,1,2
830,469,5,7,2
830,592,20,2,2
830,64,27,62,2
830,479,34,10,2
830,785,2,7,2
830,704,12,1,2
830,133,25,1,2
830,488,43,1,2
830,923,12,1,2
830,904,63,1,2
830,289,28,8,2
830,458,27,7,2
830,486,12,2,2
830,384,27,4,2
830,911,59,13,2
830,496,12,1,2
830,818,59,1,2
830,46,27,18,2
830,460,4,2,2
830,685,34,1,2
830,822,16,46,2
830,758,12,1,2
830,953,21,1,2
830,118,24,1,2
830,376,29,1,2
830,5,21,2,2
830,767,58,1,2
830,442,61,2,2
830,40,16,1,2
830,821,16,1,2
830,505,12,1,2
830,51,10,1,2
830,239,2,1,2
830,756,12,5,2
830,171,16,1,2
830,695,24,1,2
830,477,12,1,2
273,718,1,1,2
273,717,16,1,2
273,469,5,1,2
273,227,16,3,2
273,723,16,1,2
273,592,20,3,2
273,756,12,7,2
273,744,46,1,2
273,526,41,1,2
273,693,23,1,2
285,949,64,1,2
287,798,2,1,2
287,337,13,1,2
289,526,41,1,2
289,32,20,1,2
296,742,1,1,2
296,952,38,1,2
296,397,53,1,2
296,812,24,1,2
296,623,30,1,2
296,443,33,1,2
296,174,1,1,2
302,238,3,1,2
303,798,2,1,2
306,104,11,1,2
308,479,34,1,2
316,401,1,2,2
316,362,16,3,2
316,723,16,3,2
316,479,34,4,2
316,363,12,1,2
316,585,16,1,2
316,394,1,2,2
316,582,33,1,2
316,470,39,1,2
316,865,31,1,2
316,700,12,1,2
316,717,16,1,2
316,469,5,3,2
316,379,34,1,2
316,456,1,3,2
316,108,39,1,2
316,742,1,192,2
316,744,46,2,2
316,735,26,2,2
316,718,1,3,2
316,801,65,1,2
316,957,1,3,2
316,448,26,1,2
316,127,1,1,2
316,227,16,6,2
316,412,21,1,2
316,432,4,1,2
316,871,33,1,2
316,724,16,1,2
321,803,29,1,2
332,798,2,1,2
332,337,13,1,2
339,810,1,4,2
339,584,46,1,2
339,139,16,2,2
339,460,4,1,2
339,262,23,1,2
339,652,1,2,2
339,685,34,1,2
339,702,16,1,2
339,830,1,1,2
339,64,27,1,2
339,216,16,1,2
339,51,10,1,2
339,397,53,9,2
339,32,20,4,2
339,105,67,1,2
339,145,3,1,2
339,867,11,6,2
339,944,33,1,2
339,479,34,3,2
339,765,66,1,2
339,442,61,1,2
339,154,18,1,2
339,234,46,1,2
339,152,41,3,2
339,292,30,2,2
339,856,2,2,2
339,645,7,2,2
339,911,59,1,2
339,940,31,3,2
339,928,34,1,2
342,221,10,2,2
342,750,33,1,2
342,629,68,1,2
514,712,23,1,2
514,114,23,1,2
634,837,23,1,2
132,265,5,1,2
132,115,24,1,2
132,176,3,1,2
132,558,16,1,2
132,140,1,1,2
132,666,32,1,2
132,895,49,1,2
132,83,44,1,2
242,575,69,1,2
242,47,12,1,2
242,923,12,1,2
242,748,69,1,2
242,694,12,1,2
242,56,12,1,2
242,634,12,1,2
242,358,12,1,2
242,726,12,1,2
242,363,12,1,2
242,207,12,1,2
242,769,12,1,2
242,758,12,1,2
242,736,12,1,2
242,960,12,1,2
242,700,12,1,2
242,732,12,1,2
242,505,12,1,2
242,686,25,1,2
242,514,5,1,2
242,344,12,1,2
242,709,12,1,2
242,677,12,1,2
242,15,12,1,2
242,555,12,1,2
242,496,12,1,2
242,266,12,1,2
256,32,20,1,2
476,847,23,1,2
476,815,1,1,2
650,884,32,1,2
650,469,5,2,2
650,726,12,1,2
650,198,12,1,2
14,673,1,1,2
14,855,46,2,2
147,775,70,1,2
147,327,1,1,2
527,685,34,3,2
567,51,10,1,2
617,388,5,1,2
642,747,11,1,2
736,51,10,1,2
736,421,3,1,2
736,882,39,2,2
843,716,16,1,2
39,599,5,1,2
39,227,16,1,2
39,394,1,1,2
39,70,48,1,2
39,346,16,1,2
39,742,1,1,2
39,812,24,1,2
39,616,26,1,2
39,482,34,1,2
40,221,10,1,2
40,287,1,1,2
40,358,12,1,2
40,884,32,1,2
40,240,11,1,2
40,580,24,1,2
40,673,1,1,2
40,496,12,1,2
40,695,24,1,2
83,177,72,1,2
83,303,39,1,2
83,514,5,1,2
83,732,12,1,2
137,287,1,1,2
137,899,73,1,2
137,437,46,1,2
137,586,1,1,2
137,848,29,1,2
142,856,2,1,2
142,605,1,1,2
142,810,1,1,2
276,479,34,1,2
360,300,38,1,2
360,843,25,2,2
360,480,1,11,2
360,469,5,2,2
363,539,14,1,2
363,772,15,1,2
495,401,1,1,2
495,170,1,1,2
613,945,24,1,2
621,272,41,1,2
621,867,11,1,2
621,710,11,1,2
623,527,45,1,2
629,262,23,1,2
629,272,41,1,2
694,27,46,1,2
11,555,12,1,2
11,400,23,2,2
11,479,34,1,2
11,447,66,1,2
11,403,1,1,2
11,469,5,1,2
51,379,34,1,2
51,51,10,1,2
51,162,1,2,2
51,176,3,1,2
51,593,14,1,2
77,378,14,1,2
77,899,73,1,2
77,32,20,1,2
77,571,1,17,2
77,591,1,14,2
77,100,1,6,2
78,526,41,1,2
78,815,1,1,2
78,904,63,1,2
81,815,1,2,2
81,164,24,1,2
101,52,33,1,2
105,56,12,1,2
131,766,12,1,2
131,526,41,1,2
131,953,21,2,2
131,592,20,1,2
145,102,40,2,2
166,695,24,1,2
166,795,32,1,2
169,562,1,1,2
197,554,1,2,2
197,227,16,1,2
197,268,1,1,2
202,784,23,1,2
202,400,23,1,2
206,382,51,1,2
228,842,1,1,2
228,403,1,1,2
228,479,34,1,2
279,145,3,1,2
279,118,24,1,2
279,759,22,1,2
279,469,5,1,2
279,238,3,1,2
279,837,23,1,2
310,237,12,1,2
310,403,1,4,2
310,27,46,1,2
310,828,23,1,2
310,683,4,1,2
310,453,29,1,2
310,643,46,1,2
310,700,12,1,2
310,758,12,1,2
310,790,12,1,2
310,37,50,1,2
310,292,30,1,2
310,201,1,1,2
310,364,76,1,2
310,499,15,1,2
310,506,4,2,2
310,932,77,1,2
310,175,1,6,2
310,354,14,1,2
310,551,12,1,2
310,555,12,1,2
310,884,32,1,2
310,412,21,11,2
310,78,37,1,2
310,313,1,1,2
310,55,26,3,2
310,469,5,5,2
310,703,56,2,2
310,600,76,1,2
310,950,75,1,2
310,659,32,3,2
310,374,1,24,2
310,686,25,1,2
310,635,1,2,2
310,583,1,1,2
310,153,78,1,2
310,787,29,18,2
310,604,17,1,2
310,378,14,3,2
310,521,46,1,2
310,287,1,2,2
310,180,1,13,2
310,961,13,1,2
310,12,12,1,2
310,241,16,1,2
310,664,46,1,2
310,912,1,1,2
310,515,1,1,2
310,328,32,2,2
310,584,46,7,2
350,9,5,1,2
350,666,32,1,2
350,662,41,1,2
350,334,43,1,2
350,673,1,1,2
350,751,1,1,2
350,599,5,1,2
350,703,56,1,2
350,353,34,1,2
350,819,46,1,2
350,679,79,1,2
350,618,53,1,2
350,891,1,1,2
350,84,5,1,2
350,111,34,1,2
350,702,16,1,2
350,642,11,1,2
350,175,1,1,2
350,299,46,1,2
350,246,29,1,2
350,345,1,1,2
350,399,5,1,2
350,374,1,1,2
350,304,33,1,2
350,348,33,1,2
415,685,34,6,2
415,479,34,7,2
415,150,3,1,2
432,87,41,2,2
432,798,2,2,2
432,252,41,1,2
458,658,16,2,2
458,756,12,1,2
458,12,12,1,2
458,469,5,2,2
465,46,27,1,2
487,724,16,6,2
487,673,1,2,2
487,238,3,1,2
487,355,24,1,2
487,176,3,1,2
487,718,1,3,2
487,139,16,2,2
487,729,80,1,2
487,470,39,1,2
487,908,16,1,2
487,479,34,5,2
487,735,26,2,2
487,723,16,3,2
487,745,19,1,2
487,534,1,1,2
487,62,29,1,2
487,940,31,1,2
487,469,5,2,2
487,370,3,1,2
487,40,16,1,2
487,900,12,2,2
487,13,72,1,2
487,688,3,1,2
487,487,66,1,2
487,946,3,1,2
487,154,18,1,2
487,211,46,1,2
487,744,46,4,2
487,526,41,1,2
487,159,16,12,2
487,267,25,2,2
487,948,3,1,2
498,897,29,1,2
844,637,46,1,2
844,953,21,1,2
31,234,46,1,2
31,621,3,1,2
31,872,3,1,2
32,810,1,1,2
32,805,12,1,2
32,843,25,1,2
32,654,12,1,2
32,662,41,1,2
32,145,3,1,2
32,483,57,1,2
42,242,15,3,2
42,300,38,1,2
164,658,16,1,2
164,192,12,1,2
164,871,33,1,2
164,706,46,1,2
164,300,38,1,2
164,801,65,1,2
164,67,59,1,2
164,32,20,1,2
164,695,24,1,2
164,906,16,1,2
164,437,46,3,2
220,216,16,1,2
222,869,5,1,2
240,909,12,1,2
240,469,5,1,2
240,888,39,2,2
240,238,3,1,2
241,869,5,1,2
475,914,16,3,2
475,329,63,12,2
170,412,21,1,2
175,904,63,1,2
175,84,5,1,2
175,482,34,1,2
180,957,1,2,2
180,871,33,1,2
184,253,3,1,2
189,488,43,1,2
192,521,46,1,2
192,944,33,1,2
194,910,47,1,2
196,69,23,1,2
199,238,3,1,2
199,623,30,1,2
200,238,3,1,2
201,134,12,3,2
201,85,1,1,2
201,759,22,1,2
203,395,23,1,2
203,699,15,1,2
203,785,2,1,2
203,526,41,1,2
203,875,15,1,2
216,791,26,1,2
687,469,5,4,2
687,658,16,3,2
687,848,29,1,2
687,851,16,2,2
687,856,2,1,2
687,79,33,1,2
687,810,1,2,2
687,82,8,1,2
687,854,9,2,2
385,413,23,1,2
385,609,25,1,2
536,40,16,1,2
825,238,3,1,2
825,592,20,1,2
825,300,38,1,2
825,469,5,1,2
384,739,3,1,2
384,469,5,1,2
384,133,25,1,2
384,555,12,1,2
384,658,16,1,2
805,920,33,1,2
805,631,3,4,2
805,204,3,9,2
138,479,34,1,2
138,592,20,1,2
556,911,59,1,2
556,477,12,2,2
556,790,12,1,2
556,192,12,1,2
556,732,12,1,2
556,709,12,1,2
556,758,12,1,2
556,32,20,1,2
556,505,12,1,2
556,748,69,1,2
556,961,13,1,2
556,216,16,1,2
556,683,4,2,2
556,806,12,1,2
556,442,61,1,2
556,428,15,1,2
556,713,12,1,2
556,736,12,1,2
556,486,12,1,2
556,455,27,1,2
556,818,59,1,2
556,133,25,2,2
556,674,12,1,2
556,469,5,4,2
556,457,25,1,2
556,906,16,1,2
556,520,12,1,2
556,756,12,2,2
556,507,12,1,2
556,460,4,1,2
556,422,5,2,2
556,55,26,1,2
556,801,65,1,2
686,632,23,1,2
41,662,41,1,2
41,482,34,1,2
41,867,11,1,2
41,479,34,3,2
112,64,27,1,2
112,378,14,1,2
121,739,3,1,2
121,638,46,2,2
225,953,21,1,2
231,64,27,1,2
231,756,12,1,2
281,496,12,1,2
281,75,21,1,2
281,5,21,2,2
281,450,46,1,2
281,592,20,2,2
281,47,12,1,2
281,330,81,1,2
281,118,24,1,2
281,260,16,1,2
281,815,1,2,2
281,821,16,1,2
281,693,23,1,2
281,738,23,1,2
281,46,27,3,2
281,702,16,1,2
281,428,15,1,2
281,578,57,1,2
281,281,12,1,2
281,736,12,1,2
281,7,34,1,2
281,442,61,3,2
281,652,1,1,2
281,788,84,1,2
281,477,12,1,2
281,756,12,1,2
281,446,29,1,2
281,806,12,1,2
281,17,82,1,2
281,651,23,1,2
281,662,41,1,2
281,623,30,1,2
281,830,1,1,2
281,537,83,1,2
281,729,80,1,2
281,282,15,1,2
281,154,18,3,2
281,829,27,1,2
281,241,16,2,2
281,64,27,7,2
281,439,3,2,2
281,739,3,1,2
281,929,61,3,2
281,695,24,1,2
281,639,59,1,2
281,875,15,1,2
281,676,27,3,2
281,855,46,1,2
281,401,1,1,2
281,179,27,1,2
281,248,12,2,2
281,56,12,1,2
281,479,34,84,2
281,289,28,2,2
281,596,27,1,2
281,713,12,1,2
281,884,32,1,2
281,818,59,1,2
281,416,60,2,2
281,906,16,1,2
281,268,1,1,2
281,511,9,1,2
281,368,34,1,2
281,397,53,1,2
281,953,21,4,2
281,339,46,1,2
281,129,4,1,2
281,145,3,1,2
281,685,34,7,2
281,555,12,1,2
281,760,16,1,2
281,856,2,1,2
281,384,27,1,2
281,709,12,1,2
281,605,1,1,2
281,355,24,1,2
281,567,15,2,2
281,40,16,1,2
281,759,22,1,2
281,80,16,1,2
281,123,15,2,2
281,752,4,1,2
281,667,27,1,2
281,470,39,2,2
281,469,5,11,2
281,686,25,1,2
281,105,67,7,2
281,530,16,1,2
281,699,15,1,2
281,618,53,1,2
281,655,59,1,2
281,305,29,1,2
281,88,39,1,2
281,658,16,4,2
281,507,12,1,2
281,902,66,1,2
281,524,14,1,2
281,505,12,1,2
281,217,34,1,2
281,868,16,1,2
281,911,59,2,2
281,670,50,1,2
281,432,4,1,2
281,201,1,1,2
281,67,59,2,2
281,487,66,1,2
281,549,34,1,2
281,148,34,1,2
281,53,18,1,2
281,521,46,1,2
281,208,67,1,2
281,683,4,1,2
281,238,3,2,2
281,51,10,1,2
281,396,27,1,2
281,457,25,1,2
281,580,24,1,2
281,544,9,1,2
281,761,34,1,2
281,378,14,2,2
281,302,29,1,2
281,615,46,1,2
281,758,12,1,2
281,287,1,1,2
281,813,27,1,2
281,626,34,1,2
281,216,16,1,2
284,55,26,1,2
284,756,12,2,2
284,437,46,1,2
284,255,12,1,2
284,461,16,1,2
284,708,17,1,2
284,338,26,1,2
284,828,23,1,2
284,736,12,1,2
284,521,46,1,2
284,769,12,1,2
284,593,14,1,2
284,782,23,1,2
284,851,16,1,2
284,411,19,1,2
284,531,15,1,2
284,713,12,1,2
284,288,52,1,2
284,686,25,1,2
284,80,16,1,2
284,801,65,3,2
284,555,12,1,2
284,63,12,1,2
284,953,21,2,2
284,759,22,2,2
284,505,12,1,2
284,390,12,1,2
284,597,1,1,2
284,378,14,1,2
284,552,1,1,2
284,575,69,1,2
284,693,23,1,2
284,225,12,2,2
284,660,55,1,2
284,365,17,1,2
284,486,12,1,2
284,231,12,1,2
284,513,12,1,2
284,535,9,1,2
284,363,12,1,2
284,371,12,1,2
284,241,16,1,2
284,340,12,1,2
284,281,12,1,2
284,749,17,1,2
284,113,16,1,2
284,573,23,1,2
284,202,16,1,2
284,474,16,1,2
284,909,12,1,2
284,238,3,8,2
284,81,4,1,2
284,429,23,1,2
284,961,13,1,2
284,545,1,1,2
284,410,46,1,2
284,477,12,1,2
284,557,16,1,2
284,406,29,1,2
284,32,20,1,2
284,790,12,1,2
284,248,12,1,2
284,377,12,1,2
284,119,12,1,2
284,341,46,1,2
284,758,12,1,2
284,567,15,1,2
284,155,12,1,2
284,884,32,1,2
284,229,12,1,2
284,793,32,1,2
284,475,1,1,2
284,732,12,2,2
284,709,12,1,2
284,422,5,1,2
284,496,12,1,2
284,923,12,1,2
284,16,12,1,2
284,331,39,1,2
284,133,25,1,2
284,360,1,1,2
284,192,12,1,2
284,704,12,1,2
284,924,1,1,2
284,524,14,1,2
284,274,1,1,2
284,287,1,1,2
284,546,62,1,2
284,441,12,1,2
284,674,12,1,2
284,507,12,1,2
284,78,37,1,2
284,821,16,1,2
284,469,5,3,2
284,357,46,1,2
284,748,69,1,2
284,276,1,1,2
284,820,38,1,2
284,116,29,1,2
284,906,16,1,2
284,101,1,1,2
284,171,16,1,2
284,22,1,1,2
284,424,25,1,2
284,700,12,1,2
284,260,16,1,2
290,953,21,1,2
291,525,39,1,2
291,453,29,1,2
291,13,72,2,2
291,37,50,1,2
291,412,21,1,2
291,238,3,3,2
292,115,24,1,2
292,812,24,1,2
292,230,16,1,2
292,534,1,1,2
292,238,3,1,2
292,761,34,1,2
292,240,11,1,2
292,599,5,1,2
292,169,46,1,2
292,523,24,1,2
297,32,20,1,2
304,238,3,1,2
304,953,21,1,2
307,529,24,1,2
309,953,21,1,2
311,361,1,13,2
311,685,34,1,2
311,867,11,1,2
311,711,13,1,2
311,174,1,1,2
313,944,33,1,2
315,871,33,2,2
315,953,21,2,2
317,397,53,1,2
317,486,12,1,2
317,391,11,1,2
317,477,12,1,2
317,709,12,1,2
317,693,23,1,2
317,630,15,1,2
317,509,12,1,2
317,124,53,1,2
317,732,12,1,2
317,905,16,1,2
317,713,12,1,2
317,119,12,1,2
317,496,12,1,2
317,152,41,1,2
317,192,12,1,2
317,884,32,1,2
317,469,5,1,2
317,555,12,1,2
317,505,12,1,2
317,390,12,1,2
317,63,12,1,2
317,281,12,1,2
317,806,12,1,2
317,180,1,1,2
317,941,15,1,2
317,285,1,1,2
317,940,31,1,2
317,32,20,1,2
317,727,38,1,2
317,520,12,1,2
318,238,3,12,2
318,953,21,1,2
318,34,16,1,2
318,81,4,1,2
318,592,20,1,2
318,735,26,1,2
318,72,1,1,2
318,482,34,1,2
318,685,34,1,2
319,867,11,1,2
319,238,3,8,2
319,597,1,4,2
322,704,12,3,2
323,238,3,1,2
326,137,34,1,2
326,615,46,1,2
326,855,46,1,2
327,412,21,1,2
327,114,23,1,2
327,400,23,1,2
330,521,46,1,2
330,768,3,1,2
330,759,22,1,2
330,238,3,19,2
330,756,12,1,2
330,592,20,1,2
330,78,37,4,2
330,18,67,1,2
331,238,3,3,2
331,81,4,1,2
333,555,12,2,2
333,477,12,2,2
333,849,4,1,2
333,801,65,3,2
333,46,27,1,2
333,871,33,2,2
333,961,13,1,2
333,32,20,3,2
333,469,5,9,2
333,660,55,1,2
333,171,16,29,2
333,64,27,1,2
333,567,15,1,2
333,700,12,4,2
333,506,4,1,2
333,953,21,1,2
333,133,25,2,2
333,238,3,4,2
333,693,23,1,2
333,923,12,1,2
333,748,69,1,2
333,756,12,8,2
333,643,46,1,2
333,392,25,1,2
333,732,12,1,2
333,81,4,3,2
333,363,12,1,2
333,736,12,1,2
333,830,1,1,2
333,39,23,1,2
333,759,22,1,2
333,439,3,1,2
333,662,41,1,2
333,188,16,1,2
333,906,16,1,2
333,810,1,1,2
333,47,12,1,2
333,108,39,1,2
333,757,46,1,2
333,758,12,2,2
333,658,16,2,2
333,260,16,1,2
333,234,46,2,2
364,623,30,3,2
364,666,32,1,2
367,239,2,1,2
367,526,41,2,2
372,194,1,1,2
372,936,1,1,2
372,696,79,1,2
372,66,83,1,2
372,759,22,1,2
372,614,9,1,2
372,387,23,1,2
372,935,16,1,2
372,145,3,1,2
372,740,3,1,2
372,745,19,1,2
372,768,3,1,2
372,191,34,1,2
372,604,17,1,2
372,241,16,1,2
372,557,16,1,2
372,479,34,1,2
372,42,1,1,2
372,158,34,1,2
372,940,31,1,2
372,423,3,1,2
372,582,33,1,2
372,62,29,1,2
372,530,16,1,2
372,837,23,1,2
372,716,16,1,2
372,564,17,1,2
373,559,23,1,2
373,395,23,1,2
376,285,1,3,2
376,855,46,1,2
377,262,23,2,2
378,32,20,4,2
378,756,12,2,2
378,228,46,1,2
378,658,16,1,2
378,364,76,18,2
503,238,3,1,2
503,104,11,2,2
503,875,15,1,2
503,118,24,1,2
503,145,3,1,2
503,816,9,1,2
435,914,16,1,2
438,493,51,1,2
438,469,5,6,2
438,760,16,1,2
438,801,65,1,2
438,592,20,1,2
438,368,34,2,2
440,619,3,1,2
440,230,16,1,2
440,685,34,1,2
440,599,5,1,2
440,603,86,1,2
440,812,24,1,2
440,195,3,1,2
440,361,1,1,2
440,345,1,1,2
440,174,1,1,2
440,954,3,1,2
440,673,1,1,2
440,49,1,1,2
441,479,34,1,2
444,732,12,1,2
444,469,5,1,2
444,27,46,3,2
444,309,12,1,2
444,479,34,2,2
444,278,12,1,2
445,469,5,1,2
445,144,24,2,2
445,119,12,1,2
445,238,3,1,2
461,668,5,1,2
473,545,1,2,2
473,64,27,2,2
473,428,15,1,2
473,953,21,1,2
473,101,1,1,2
473,249,25,2,2
473,238,3,1,2
473,830,1,1,2
473,886,50,1,2
771,479,34,6,2
791,685,34,1,2
283,56,12,1,2
283,427,1,3,2
286,852,1,1,2
286,445,26,1,2
286,355,24,1,2
286,927,16,1,2
286,238,3,1,2
286,518,24,1,2
286,306,24,1,2
286,778,5,1,2
404,346,16,1,2
404,97,11,2,2
404,118,24,2,2
404,894,7,1,2
404,734,24,1,2
404,521,46,1,2
404,469,5,1,2
404,355,24,1,2
404,599,5,1,2
404,181,11,1,2
404,221,10,1,2
404,278,12,1,2
404,513,12,1,2
404,714,87,1,2
404,555,12,1,2
404,867,11,1,2
404,382,51,3,2
404,540,39,1,2
683,810,1,1,2
683,817,22,1,2
828,141,24,1,2
828,297,71,1,2
828,240,11,1,2
828,795,32,1,2
831,400,23,1,2
126,869,5,1,2
126,238,3,2,2
143,241,16,1,2
243,742,1,1,2
243,479,34,1,2
470,479,34,1,2
554,917,79,1,2
589,251,23,1,2
589,953,21,2,2
589,881,3,1,2
589,238,3,4,2
589,221,10,3,2
589,394,1,1,2
589,293,57,1,2
589,530,16,1,2
589,479,34,1,2
777,268,1,1,2
777,535,9,1,2
867,545,1,1,2
207,240,11,1,2
207,141,24,1,2
207,383,2,1,2
207,492,12,1,2
207,450,46,1,2
207,194,1,1,2
207,264,24,1,2
207,597,1,1,2
207,412,21,1,2
207,50,24,1,2
207,695,24,1,2
690,595,1,6,2
690,685,34,1,2
690,747,11,1,2
690,163,34,1,2
690,856,2,2,2
690,277,34,1,2
5,605,1,1,2
5,53,18,16,2
5,867,11,7,2
12,554,1,1,2
12,479,34,1,2
15,209,40,1,2
15,338,26,1,2
15,697,12,1,2
15,293,57,1,2
15,469,5,2,2
15,849,4,3,2
15,336,1,1,2
15,815,1,1,2
15,238,3,6,2
15,659,32,1,2
15,428,15,1,2
15,109,4,1,2
15,604,17,1,2
15,145,3,1,2
15,241,16,2,2
15,492,12,1,2
15,235,4,1,2
15,27,46,1,2
15,848,29,1,2
15,175,1,1,2
15,960,12,1,2
15,774,46,2,2
15,757,46,3,2
15,37,50,1,2
15,12,12,1,2
15,765,66,2,2
15,431,4,1,2
15,32,20,1,2
15,112,46,3,2
208,443,33,1,2
208,815,1,3,2
211,953,21,1,2
211,89,4,1,2
211,812,24,1,2
211,238,3,2,2
298,393,15,3,2
298,32,20,3,2
298,479,34,2,2
298,468,15,1,2
298,630,15,1,2
298,337,13,1,2
300,906,16,2,2
300,287,1,2,2
300,810,1,1,2
300,363,12,1,2
300,64,27,1,2
300,756,12,2,2
300,899,73,1,2
300,469,5,1,2
300,830,1,4,2
300,884,32,1,2
300,821,16,1,2
300,843,25,1,2
300,32,20,5,2
300,605,1,1,2
300,856,2,2,2
300,243,82,1,2
393,590,16,1,2
393,727,38,1,2
393,353,34,1,2
393,895,49,1,2
393,214,1,1,2
393,280,15,1,2
393,120,23,1,2
393,633,16,1,2
393,471,41,1,2
393,66,83,1,2
393,479,34,1,2
393,138,41,1,2
393,301,34,1,2
393,646,41,1,2
393,774,46,1,2
393,103,46,1,2
393,239,2,1,2
393,597,1,1,2
393,401,1,1,2
393,526,41,1,2
393,669,34,1,2
393,238,3,1,2
393,549,34,1,2
393,841,41,1,2
393,40,16,1,2
393,598,41,1,2
393,162,1,1,2
393,272,41,1,2
393,779,41,1,2
393,785,2,1,2
393,343,50,1,2
393,543,16,1,2
393,322,34,1,2
393,386,16,1,2
393,48,34,1,2
393,418,50,1,2
393,855,46,1,2
393,749,17,1,2
398,759,22,1,2
400,219,33,1,2
400,413,23,6,2
443,953,21,1,2
443,400,23,1,2
443,643,46,1,2
474,241,16,1,2
516,400,23,1,2
528,32,20,1,2
528,288,52,1,2
537,455,27,1,2
680,238,3,2,2
680,452,3,1,2
680,536,9,5,2
680,871,33,1,2
680,692,88,1,2
734,98,46,3,2
734,167,82,1,2
734,51,10,1,2
734,53,18,1,2
737,314,46,1,2
737,238,3,1,2
737,367,1,3,2
644,391,11,1,2
656,164,24,2,2
656,51,10,1,2
656,580,24,1,2
656,795,32,1,2
656,297,71,1,2
656,141,24,1,2
670,288,52,1,2
670,430,15,1,2
695,580,24,1,2
695,32,20,1,2
695,953,21,1,2
709,580,24,1,2
725,188,16,2,2
730,199,29,5,2
730,850,57,5,2
743,871,33,1,2
752,810,1,2,2
752,32,20,1,2
752,953,21,1,2
763,563,12,1,2
763,790,12,23,2
763,821,16,1,2
763,658,16,1,2
763,453,29,1,2
763,805,12,1,2
763,469,5,4,2
763,238,3,2,2
773,64,27,2,2
773,55,26,1,2
773,215,26,1,2
773,5,21,2,2
834,742,1,1,2
834,479,34,1,2
834,469,5,1,2
835,915,17,1,2
845,238,3,1,2
852,32,20,1,2
859,560,16,4,2
859,580,24,1,2
210,239,2,1,2
210,525,39,1,2
210,56,12,1,2
210,821,16,3,2
210,660,55,1,2
210,467,1,12,2
210,709,12,3,2
210,658,16,1,2
210,287,1,2,2
210,67,59,1,2
210,703,56,1,2
210,906,16,1,2
210,300,38,5,2
210,469,5,6,2
210,756,12,7,2
210,604,17,1,2
210,655,59,1,2
210,818,59,1,2
210,953,21,9,2
210,700,12,3,2
210,171,16,10,2
210,441,12,1,2
210,242,15,8,2
210,76,24,2,2
210,453,29,1,2
210,118,24,5,2
210,824,24,4,2
557,221,10,1,2
557,118,24,1,2
568,856,2,1,2
568,805,12,2,2
568,113,16,1,2
568,193,12,1,2
568,953,21,1,2
568,314,46,1,2
568,32,20,21,2
570,469,5,1,2
572,417,57,1,2
574,45,24,1,2
574,501,24,1,2
574,734,24,1,2
574,443,33,1,2
574,141,24,1,2
574,495,40,1,2
574,534,1,1,2
574,240,11,1,2
574,529,24,1,2
574,297,71,1,2
574,837,23,1,2
574,580,24,1,2
574,50,24,1,2
574,51,10,1,2
574,164,24,2,2
574,695,24,1,2
578,643,46,3,2
585,51,10,1,2
602,419,1,1,2
607,929,61,6,2
607,867,11,1,2
619,724,16,1,2
619,422,5,1,2
619,953,21,2,2
619,346,16,1,2
619,718,1,1,2
619,212,50,1,2
619,227,16,1,2
619,394,1,1,2
619,575,69,1,2
619,278,12,1,2
619,325,42,1,2
619,401,1,1,2
619,900,12,1,2
619,854,9,1,2
628,680,5,1,2
628,160,1,1,2
293,934,89,2,2
293,639,59,1,2
423,928,34,1,2
433,609,25,1,2
433,823,23,1,2
433,711,13,1,2
452,695,24,1,2
452,685,34,4,2
456,481,47,2,2
456,525,39,1,2
456,116,29,1,2
456,805,12,1,2
456,314,46,1,2
456,576,47,1,2
456,789,73,1,2
459,433,4,1,2
75,223,9,1,2
505,181,11,1,2
822,856,2,1,2
822,685,34,1,2
822,32,20,1,2
826,944,33,1,2
666,532,33,1,2
667,594,2,1,2
667,552,1,1,2
667,134,12,1,2
667,149,1,1,2
671,525,39,1,2
681,170,1,1,2
684,109,4,1,2
684,788,84,1,2
113,856,2,1,2
113,861,46,2,2
113,469,5,1,2
223,835,1,1,2
223,502,21,1,2
230,812,24,1,2
230,338,26,1,2
230,953,21,1,2
230,715,90,1,2
230,460,4,1,2
230,8,4,1,2
230,606,16,1,2
230,752,4,1,2
230,732,12,1,2
230,532,33,1,2
230,378,14,1,2
230,578,57,2,2
230,319,90,1,2
230,946,3,3,2
230,135,29,5,2
230,258,31,2,2
230,957,1,2,2
239,238,3,1,2
386,238,3,1,2
76,747,11,1,2
550,909,12,1,2
153,278,12,1,2
153,884,32,1,2
153,760,16,1,2
153,403,1,1,2
153,602,1,1,2
153,805,12,1,2
154,32,20,1,2
700,30,91,1,2
44,238,3,1,2
111,837,23,1,2
396,599,5,1,2
396,503,50,1,2
715,820,38,3,2
719,238,3,2,2
719,884,32,1,2
675,747,11,1,2
679,479,34,1,2
258,541,43,1,2
258,334,43,1,2
258,482,34,1,2
726,842,1,2,2
726,238,3,1,2
726,944,33,1,2
837,172,57,1,2
837,320,48,1,2
841,272,41,1,2
195,594,2,2,2
232,287,1,1,2
232,623,30,1,2
232,54,5,1,2
238,947,74,1,2
374,847,23,16,2
374,661,23,1,2
374,469,5,6,2
374,756,12,3,2
374,391,11,1,2
374,798,2,1,2
374,563,12,1,2
374,875,15,1,2
374,513,12,1,2
374,831,29,1,2
381,823,23,1,2
381,738,23,1,2
381,760,16,1,2
430,32,20,2,2
431,580,24,1,2
431,51,10,1,2
472,896,92,2,2
480,695,24,1,2
520,448,26,1,2
599,623,30,1,2
599,169,46,1,2
605,659,32,1,2
608,756,12,1,2
608,863,35,1,2
608,555,12,1,2
608,19,1,1,2
608,378,14,1,2
608,604,17,1,2
608,469,5,1,2
608,274,1,3,2
608,14,1,1,2
608,357,46,1,2
663,77,50,1,2
663,798,2,1,2
674,479,34,1,2
674,238,3,1,2
674,448,26,7,2
674,278,12,1,2
674,533,1,3,2
674,240,11,1,2
682,32,20,1,2
735,748,69,1,2
775,81,4,1,2
812,503,50,4,2
812,369,29,1,2
838,856,2,1,2
849,469,5,1,2
849,650,29,1,2
860,524,14,1,2
10,735,26,1,2
10,812,24,1,2
10,940,31,1,2
10,703,56,1,2
13,814,23,1,2
13,716,16,1,2
13,266,12,1,2
13,469,5,1,2
13,492,12,1,2
13,759,22,1,2
13,55,26,1,2
16,455,27,4,2
16,50,24,1,2
16,756,12,1,2
16,488,43,1,2
16,40,16,1,2
16,64,27,5,2
16,479,34,2,2
16,238,3,1,2
16,695,24,1,2
16,739,3,1,2
16,818,59,1,2
16,289,28,1,2
16,384,27,2,2
16,487,66,1,2
20,345,1,1,2
20,469,5,1,2
504,918,29,1,2
504,596,27,1,2
504,700,12,2,2
504,649,16,2,2
504,373,47,1,2
504,67,59,1,2
504,674,12,1,2
504,732,12,1,2
507,650,29,1,2
545,238,3,1,2
600,425,47,1,2
604,238,3,1,2
604,64,27,2,2
604,871,33,1,2
604,32,20,1,2
609,856,2,1,2
609,805,12,1,2
609,674,12,1,2
609,225,12,1,2
609,469,5,1,2
609,32,20,1,2
620,949,64,1,2
636,577,57,1,2
636,861,46,2,2
647,400,23,1,2
652,756,12,1,2
685,479,34,1,2
685,170,1,4,2
691,719,57,1,2
720,605,1,6,2
720,238,3,1,2
727,884,32,1,2
748,64,27,1,2
748,184,27,8,2
751,145,3,1,2
755,469,5,1,2
759,871,33,1,2
767,529,24,1,2
767,469,5,1,2
767,164,24,1,2
767,238,3,1,2
767,580,24,2,2
767,692,88,1,2
767,221,10,1,2
767,734,24,2,2
767,443,33,1,2
767,869,5,2,2
767,297,71,6,2
767,617,9,2,2
767,695,24,1,2
767,816,9,1,2
767,511,9,1,2
767,837,23,1,2
767,118,24,4,2
767,643,46,1,2
774,756,12,1,2
794,729,80,1,2
816,953,21,1,2
816,203,54,1,2
816,152,41,1,2
94,607,12,1,2
94,580,24,1,2
106,621,3,20,2
106,469,5,1,2
106,570,3,7,2
106,685,34,1,2
106,238,3,1,2
106,278,12,1,2
106,605,1,1,2
226,695,24,1,2
229,671,39,1,2
229,630,15,1,2
229,479,34,1,2
229,696,79,5,2
229,828,23,1,2
229,317,12,1,2
229,275,12,1,2
229,469,5,1,2
406,830,1,1,2
406,894,7,1,2
406,864,23,1,2
406,854,9,1,2
439,815,1,2,2
562,415,12,1,2
361,623,30,3,2
361,823,23,1,2
361,70,48,3,2
548,659,32,1,2
548,867,11,1,2
548,84,5,1,2
756,145,3,1,2
855,469,5,1,2
857,479,34,1,2
857,532,33,21,2
857,851,16,9,2
857,592,20,2,2
861,479,34,1,2
862,479,34,2,2
862,756,12,1,2
862,759,22,2,2
862,732,12,1,2
163,637,46,3,2
266,349,92,1,2
266,896,92,1,2
266,32,20,2,2
776,509,12,2,2
776,363,12,2,2
776,377,12,2,2
776,713,12,2,2
776,507,12,1,2
776,736,12,2,2
776,505,12,1,2
776,555,12,1,2
776,520,12,2,2
776,486,12,2,2
776,758,12,2,2
776,477,12,2,2
776,801,65,2,2
776,884,32,2,2
776,47,12,2,2
776,496,12,2,2
776,55,26,2,2
17,695,24,1,2
337,264,24,1,2
337,400,23,1,2
337,118,24,1,2
337,741,1,2,2
337,944,33,1,2
337,882,39,24,2
343,867,11,1,2
343,825,11,1,2
343,181,11,1,2
402,86,1,3,2
426,401,1,1,2
426,280,15,1,2
426,720,32,2,2
446,809,26,2,2
462,479,34,1,2
462,597,1,2,2
462,739,3,1,2
462,238,3,3,2
462,681,5,1,2
462,925,4,1,2
462,451,27,2,2
482,823,23,1,2
486,774,46,1,2
491,739,3,1,2
491,469,5,1,2
491,506,4,1,2
491,264,24,1,2
576,443,33,2,2
576,944,33,1,2
721,400,23,6,2
721,412,21,1,2
839,32,20,1,2
839,640,15,1,2
839,66,83,2,2
34,51,10,1,2
419,810,1,3,2
419,856,2,1,2
517,756,12,1,2
517,469,5,1,2
521,953,21,1,2
521,760,16,1,2
521,397,53,1,2
521,69,23,1,2
521,470,39,1,2
521,702,16,1,2
701,599,5,1,2
9,580,24,1,2
54,599,5,1,2
58,238,3,2,2
61,315,9,1,2
61,685,34,1,2
66,145,3,1,2
66,798,2,4,2
66,32,20,1,2
66,17,82,1,2
66,187,3,2,2
66,378,14,1,2
102,869,5,2,2
174,238,3,1,2
421,533,1,1,2
421,69,23,2,2
421,443,33,1,2
506,469,5,1,2
506,575,69,2,2
506,398,1,1,2
508,295,23,1,2
508,469,5,1,2
582,385,46,1,2
582,112,46,2,2
582,2,12,2,2
657,212,50,1,2
657,145,3,1,2
657,548,12,2,2
738,154,18,1,2
738,432,4,1,2
738,133,25,1,2
738,884,32,1,2
738,469,5,7,2
738,581,4,1,2
738,715,90,1,2
738,868,16,2,2
738,238,3,5,2
738,683,4,4,2
738,597,1,5,2
738,365,17,1,2
738,319,90,1,2
738,479,34,1,2
738,270,4,1,2
738,759,22,1,2
739,868,16,1,2
739,685,34,1,2
739,888,39,5,2
739,597,1,7,2
739,238,3,4,2
739,455,27,1,2
739,759,22,1,2
739,561,47,1,2
739,32,20,1,2
749,685,34,1,2
749,790,12,1,2
750,594,2,1,2
792,469,5,1,2
866,238,3,1,2
866,756,12,1,2
866,953,21,1,2
866,944,33,1,2
866,479,34,2,2
866,95,29,4,2
866,857,29,2,2
866,444,39,4,2
866,469,5,2,2
8,767,58,1,2
8,453,29,1,2
8,373,47,1,2
8,123,15,1,2
18,35,57,1,2
18,785,2,1,2
119,812,24,1,2
119,534,1,1,2
119,944,33,1,2
122,685,34,1,2
141,730,1,2,2
205,838,23,1,2
205,70,48,1,2
236,479,34,1,2
236,637,46,1,2
236,57,9,8,2
236,487,66,4,2
236,53,18,1,2
341,960,12,2,2
341,801,65,1,2
341,732,12,2,2
341,268,1,10,2
341,469,5,2,2
341,726,12,1,2
341,56,12,4,2
341,555,12,1,2
341,909,12,13,2
422,723,16,1,2
447,685,34,1,2
453,599,5,1,2
526,785,2,4,2
526,469,5,1,2
526,752,4,1,2
571,869,5,1,2
571,746,1,2,2
571,166,33,3,2
596,298,34,9,2
596,84,5,1,2
596,931,34,1,2
658,673,1,1,2
660,32,20,1,2
660,480,1,2,2
662,876,27,2,2
665,240,11,1,2
665,685,34,1,2
665,32,20,1,2
672,32,20,1,2
672,480,1,5,2
672,899,73,1,2
676,264,24,1,2
676,534,1,1,2
741,170,1,1,2
746,785,2,1,2
747,80,16,1,2
747,32,20,1,2
747,378,14,1,2
747,250,1,1,2
747,580,24,1,2
747,118,24,1,2
747,830,1,1,2
783,51,10,1,2
783,158,34,1,2
783,74,15,3,2
783,124,53,1,2
783,662,41,1,2
783,66,83,1,2
804,3,12,1,2
809,759,22,1,2
809,721,5,1,2
809,686,25,1,2
811,51,10,1,2
811,695,24,1,2
37,469,5,3,2
38,867,11,2,2
95,756,12,1,2
144,127,1,1,2
148,443,33,1,2
148,866,29,1,2
204,664,46,1,2
249,592,20,1,2
249,805,12,4,2
249,228,46,3,2
249,695,24,2,2
249,300,38,1,2
249,469,5,3,2
249,623,30,1,2
249,32,20,1,2
249,429,23,3,2
387,378,14,1,2
388,953,21,1,2
388,711,13,1,2
392,414,65,1,2
392,192,12,1,2
392,479,34,2,2
392,805,12,1,2
392,331,39,3,2
392,781,44,2,2
392,492,12,1,2
392,658,16,2,2
392,806,12,2,2
392,477,12,3,2
392,697,12,1,2
392,601,12,5,2
392,665,25,1,2
392,75,21,3,2
392,953,21,1,2
392,817,22,1,2
392,756,12,2,2
392,639,59,1,2
392,133,25,2,2
392,469,5,16,2
392,567,15,1,2
392,739,3,1,2
392,131,12,1,2
392,258,31,8,2
397,332,1,9,2
397,823,23,2,2
451,623,30,1,2
460,238,3,1,2
538,432,4,1,2
538,743,9,2,2
538,747,11,1,2
539,238,3,8,2
539,345,1,1,2
544,349,92,2,2
544,896,92,1,2
546,805,12,1,2
546,810,1,1,2
546,842,1,1,2
555,469,5,1,2
555,377,12,1,2
565,262,23,1,2
565,118,24,1,2
584,685,34,1,2
584,830,1,1,2
584,796,76,1,2
584,756,12,1,2
591,685,34,1,2
591,479,34,1,2
708,910,47,1,2
708,735,26,4,2
708,718,1,1,2
708,264,24,1,2
708,479,34,1,2
708,792,9,3,2
708,723,16,1,2
24,479,34,1,2
129,145,3,1,2
133,479,34,1,2
133,262,23,1,2
133,482,34,1,2
133,401,1,1,2
134,170,1,1,2
134,268,1,1,2
134,378,14,1,2
134,580,24,1,2
176,482,34,1,2
176,334,43,2,2
178,469,5,2,2
214,378,14,1,2
214,684,50,1,2
257,867,11,1,2
257,479,34,2,2
257,181,11,3,2
262,832,1,1,2
353,469,5,1,2
357,856,2,5,2
357,366,6,1,2
357,854,9,1,2
357,79,33,1,2
357,554,1,9,2
357,805,12,1,2
357,296,12,1,2
357,193,12,1,2
357,436,66,1,2
357,535,9,1,2
357,594,2,3,2
357,383,2,2,2
357,881,3,1,2
359,361,1,1,2
409,735,26,1,2
410,238,3,1,2
412,747,11,1,2
412,102,40,2,2
412,443,33,1,2
412,871,33,1,2
427,300,38,1,2
427,278,12,1,2
427,693,23,2,2
427,749,17,2,2
427,192,12,1,2
427,145,3,1,2
427,307,12,1,2
427,238,3,2,2
427,774,46,18,2
427,351,5,1,2
427,759,22,1,2
427,821,16,1,2
427,270,4,1,2
427,941,15,1,2
427,27,46,1,2
427,231,12,1,2
427,194,1,1,2
427,957,1,3,2
427,515,1,1,2
427,469,5,1,2
427,108,39,2,2
427,61,15,1,2
449,361,1,1,2
449,479,34,1,2
466,756,12,1,2
493,580,24,1,2
493,400,23,1,2
493,742,1,1,2
529,525,39,1,2
529,108,39,3,2
531,287,1,1,2
531,443,33,1,2
575,685,34,2,2
580,685,34,1,2
615,268,1,34,2
615,394,1,1,2
615,586,1,4,2
615,756,12,1,2
615,21,14,1,2
616,148,34,1,2
616,805,12,1,2
616,810,1,1,2
618,842,1,1,2
618,32,20,1,2
702,238,3,4,2
27,300,38,2,2
27,469,5,1,2
27,145,3,1,2
43,823,23,1,2
43,469,5,1,2
59,774,46,1,2
59,271,27,11,2
59,877,7,2,2
59,871,33,1,2
59,81,4,4,2
59,947,74,1,2
62,238,3,1,2
64,469,5,1,2
64,535,9,1,2
151,479,34,1,2
172,856,2,1,2
172,810,1,1,2
172,32,20,1,2
215,21,14,1,2
217,153,78,1,2
217,159,16,26,2
217,724,16,7,2
217,744,46,6,2
217,470,39,1,2
217,673,1,1,2
217,851,16,1,2
217,479,34,1,2
217,267,25,2,2
217,139,16,3,2
217,448,26,1,2
217,238,3,1,2
217,717,16,13,2
217,729,80,2,2
217,526,41,1,2
217,515,1,1,2
217,718,1,4,2
217,723,16,2,2
217,900,12,3,2
217,534,1,1,2
217,355,24,1,2
217,940,31,1,2
254,926,12,27,2
254,238,3,1,2
254,506,4,1,2
254,805,12,1,2
254,182,13,10,2
255,238,3,13,2
265,1,1,1,2
265,735,26,1,2
312,685,34,1,2
561,262,23,8,2
561,750,33,5,2
561,852,1,1,2
561,629,68,8,2
561,118,24,5,2
561,272,41,6,2
669,605,1,5,2
669,50,24,2,2
669,671,39,7,2
669,869,5,1,2
728,559,23,1,2
740,759,22,1,2
823,685,34,1,2
840,145,3,1,2
840,526,41,1,2
840,347,23,1,2
840,262,23,1,2
840,209,40,2,2
840,460,4,1,2
840,738,23,1,2
840,412,21,6,2
840,475,1,1,2
840,94,5,2,2
840,239,2,1,2
840,400,23,1,2
840,479,34,2,2
840,823,23,1,2
840,238,3,1,2
840,869,5,7,2
840,354,14,1,2
840,953,21,9,2
840,158,34,1,2
21,747,11,1,2
21,58,47,1,2
21,679,79,1,2
23,904,63,1,2
23,953,21,1,2
25,221,10,1,2
25,953,21,2,2
25,75,21,1,2
25,594,2,1,2
28,378,14,1,2
28,953,21,5,2
28,417,57,1,2
28,885,1,1,2
28,639,59,1,2
28,412,21,1,2
84,953,21,3,2
100,32,20,2,2
100,756,12,2,2
103,695,24,2,2
103,533,1,1,2
149,644,81,10,2
158,59,15,5,2
158,5,21,1,2
159,472,34,2,2
159,238,3,4,2
167,810,1,1,2
173,818,59,1,2
173,458,27,1,2
173,5,21,1,2
173,584,46,1,2
173,64,27,1,2
173,416,60,1,2
173,442,61,1,2
173,704,12,1,2
173,749,17,1,2
173,530,16,1,2
181,534,1,1,2
181,111,34,1,2
181,227,16,1,2
181,272,41,1,2
181,32,20,1,2
181,580,24,1,2
181,610,24,1,2
181,230,16,1,2
181,735,26,1,2
181,49,1,1,2
181,127,1,1,2
181,124,53,1,2
181,69,23,1,2
181,262,23,4,2
181,672,9,1,2
181,599,5,1,2
181,118,24,1,2
181,742,1,5,2
181,673,1,1,2
181,662,41,1,2
181,404,41,1,2
181,152,41,1,2
181,264,24,1,2
181,734,24,1,2
272,632,23,1,2
424,469,5,1,2
424,871,33,1,2
424,706,46,1,2
424,547,5,1,2
424,67,59,1,2
424,270,4,1,2
428,711,13,1,2
428,204,3,1,2
428,623,30,1,2
428,174,1,1,2
477,479,34,1,2
489,479,34,1,2
552,479,34,1,2
552,685,34,2,2
552,64,27,6,2
552,756,12,5,2
573,139,16,2,2
573,17,82,1,2
573,855,46,1,2
573,62,29,1,2
573,592,20,2,2
573,469,5,1,2
573,953,21,1,2
573,378,14,1,2
573,940,31,1,2
573,851,16,1,2
573,617,9,1,2
587,469,5,2,2
587,619,3,1,2
587,888,39,12,2
587,238,3,3,2
587,331,39,1,2
587,685,34,1,2
587,479,34,2,2
627,238,3,1,2
627,739,3,1,2
635,469,5,1,2
635,909,12,1,2
760,391,11,8,2
786,840,76,1,2
842,64,27,1,2
50,238,3,1,2
85,308,34,1,2
87,856,2,1,2
87,538,1,1,2
89,650,29,4,2
89,395,23,1,2
89,83,44,2,2
89,278,12,1,2
89,685,34,4,2
89,469,5,2,2
252,211,46,1,2
261,238,3,1,2
267,272,41,1,2
267,462,1,1,2
267,597,1,1,2
268,46,27,1,2
268,64,27,1,2
268,458,27,1,2
269,739,3,1,2
269,64,27,1,2
269,917,79,1,2
269,953,21,3,2
269,479,34,1,2
269,469,5,5,2
269,695,24,1,2
269,648,27,1,2
269,677,12,1,2
269,871,33,1,2
269,658,16,1,2
269,238,3,1,2
278,469,5,2,2
278,238,3,1,2
278,187,3,1,2
278,504,1,11,2
325,695,24,1,2
563,916,1,9,2
563,933,34,1,2
563,303,39,2,2
655,559,23,2,2
655,400,23,1,2
655,403,1,1,2
655,493,51,1,2
655,760,16,3,2
655,241,16,1,2
655,355,24,1,2
127,479,34,1,2
135,171,16,1,2
135,506,4,1,2
135,211,46,14,2
135,46,27,1,2
139,893,1,2,2
139,290,76,1,2
146,529,24,1,2
146,695,24,1,2
156,954,3,1,2
156,217,34,1,2
156,152,41,1,2
156,830,1,1,2
156,728,25,1,2
182,815,1,1,2
182,349,92,1,2
182,32,20,1,2
187,160,1,1,2
188,653,7,1,2
188,568,4,1,2
188,54,5,2,2
191,957,1,3,2
191,469,5,1,2
191,179,27,1,2
191,545,1,2,2
233,540,39,1,2
233,51,10,1,2
250,386,16,27,2
250,898,64,2,2
250,32,20,1,2
250,82,8,1,2
250,503,50,1,2
250,380,29,1,2
250,264,24,1,2
250,526,41,1,2
250,469,5,1,2
250,785,2,2,2
250,810,1,5,2
250,430,15,2,2
250,830,1,2,2
250,805,12,1,2
251,145,3,1,2
253,439,3,1,2
253,176,3,1,2
263,842,1,2,2
263,7,34,2,2
263,756,12,1,2
263,178,16,1,2
270,98,46,1,2
270,686,25,1,2
270,555,12,1,2
270,758,12,1,2
270,465,12,1,2
271,650,29,1,2
271,443,33,1,2
275,179,27,1,2
280,756,12,1,2
280,104,11,1,2
282,832,1,1,2
288,864,23,1,2
288,400,23,4,2
288,943,25,1,2
294,379,34,1,2
294,513,12,1,2
295,210,8,1,2
295,662,41,3,2
295,759,22,2,2
295,474,16,1,2
295,688,3,1,2
295,238,3,7,2
346,617,9,1,2
352,443,33,1,2
352,731,38,1,2
352,952,38,1,2
352,104,11,1,2
769,479,34,1,2
772,659,32,1,2
772,756,12,1,2
107,400,23,1,2
107,756,12,3,2
338,288,52,1,2
338,645,7,1,2
338,554,1,1,2
338,216,16,1,2
814,837,23,1,2
814,815,1,1,2
814,262,23,1,2
814,403,1,1,2
814,896,92,1,2
814,387,23,1,2
814,875,15,1,2
814,292,30,1,2
814,953,21,2,2
814,440,29,1,2
814,394,1,1,2
814,378,14,1,2
814,729,80,1,2
814,202,16,1,2
814,145,3,1,2
814,699,15,1,2
814,662,41,1,2
814,238,3,1,2
630,953,21,1,2
630,264,24,4,2
630,674,12,1,2
630,297,71,1,2
630,479,34,4,2
630,51,10,2,2
630,801,65,1,2
630,697,12,2,2
630,240,11,1,2
630,580,24,1,2
630,151,16,1,2
630,266,12,1,2
630,555,12,1,2
630,630,15,2,2
630,695,24,1,2
630,469,5,2,2
630,806,12,1,2
630,700,12,2,2
718,482,34,1,2
35,695,24,1,2
150,919,45,1,2
150,785,2,2,2
150,957,1,1,2
150,395,23,1,2
150,817,22,1,2
150,469,5,1,2
152,714,87,1,2
157,479,34,1,2
157,252,41,1,2
157,394,1,1,2
540,443,33,1,2
641,258,31,1,2
641,36,23,4,2
641,32,20,6,2
641,178,16,1,2
641,749,17,1,2
641,805,12,4,2
641,479,34,2,2
641,147,12,1,2
641,842,1,112,2
641,225,12,1,2
641,526,41,1,2
641,7,34,1,2
641,810,1,5,2
641,469,5,1,2
706,154,18,2,2
706,479,34,1,2
706,108,39,1,2
479,584,46,1,2
479,31,15,1,2
479,153,78,1,2
479,499,15,1,2
479,867,11,2,2
91,953,21,3,2
92,469,5,1,2
92,592,20,1,2
227,550,15,1,2
227,28,16,5,2
277,756,12,1,2
277,32,20,1,2
277,387,23,1,2
601,909,12,1,2
601,469,5,1,2
716,643,46,1,2
212,201,1,2,2
213,938,12,1,2
213,41,49,1,2
213,489,12,1,2
213,32,20,1,2
213,380,29,1,2
213,415,12,1,2
213,874,46,1,2
213,766,12,1,2
213,805,12,1,2
213,810,1,1,2
213,134,12,1,2
213,856,2,1,2
219,349,92,1,2
219,32,20,2,2
345,548,12,9,2
345,664,46,1,2
345,469,5,2,2
365,240,11,1,2
371,685,34,1,2
425,925,4,1,2
457,823,23,1,2
457,810,1,1,2
457,756,12,1,2
463,836,92,1,2
463,382,51,1,2
468,32,20,1,2
468,469,5,1,2
468,700,12,1,2
468,15,12,1,2
469,443,33,1,2
469,580,24,1,2
469,756,12,1,2
469,871,33,6,2
469,592,20,1,2
469,597,1,1,2
469,238,3,2,2
469,64,27,1,2
469,17,82,1,2
481,238,3,1,2
483,455,27,1,2
483,79,33,1,2
483,479,34,5,2
483,469,5,1,2
496,867,11,1,2
496,258,31,1,2
496,530,16,1,2
500,397,53,2,2
511,63,12,1,2
511,693,23,2,2
511,390,12,7,2
511,749,17,2,2
511,192,12,1,2
511,525,39,1,2
511,183,1,1,2
525,323,1,6,2
525,160,1,1,2
525,238,3,1,2
534,881,3,3,2
542,823,23,2,2
542,705,23,5,2
542,400,23,4,2
547,247,27,2,2
547,238,3,1,2
558,704,12,2,2
558,469,5,1,2
564,673,1,1,2
564,599,5,3,2
577,146,16,1,2
577,81,4,1,2
577,238,3,15,2
577,759,22,1,2
577,871,33,6,2
577,187,3,1,2
579,238,3,10,2
586,287,1,1,2
586,31,15,13,2
586,378,14,1,2
586,658,16,1,2
586,592,20,1,2
592,156,4,1,2
632,540,39,1,2
637,287,1,1,2
637,32,20,1,2
637,605,1,12,2
639,597,1,1,2
639,238,3,1,2
648,677,12,1,2
648,17,82,1,2
648,207,12,1,2
648,700,12,1,2
648,233,12,1,2
648,923,12,1,2
648,769,12,1,2
648,597,1,2,2
648,887,1,1,2
648,238,3,2,2
648,726,12,1,2
648,686,25,1,2
648,377,12,1,2
648,469,5,1,2
648,235,4,1,2
648,575,69,1,2
648,736,12,1,2
648,953,21,1,2
649,599,5,2,2
696,659,32,1,2
696,747,11,1,2
696,103,46,1,2
868,748,69,1,2
868,842,1,3,2
868,16,12,1,2
868,363,12,1,2
868,756,12,1,2
868,592,20,1,2
868,479,34,1,2
868,716,16,1,2
868,851,16,1,2
868,241,16,1,2
868,823,23,1,2
868,139,16,1,2
868,55,26,1,2
868,82,8,1,2
868,862,47,9,2
868,469,5,2,2
868,378,14,1,2
868,346,16,1,2
417,580,24,1,2
33,219,33,1,2
49,653,7,1,2
49,756,12,2,2
49,238,3,1,2
49,469,5,1,2
49,592,20,1,2
63,762,4,18,2
108,867,11,1,2
108,6,92,1,2
108,553,24,1,2
108,203,54,1,2
108,811,24,1,2
108,391,11,1,2
108,397,53,1,2
108,104,11,1,2
108,618,53,1,2
108,463,85,1,2
108,359,11,1,2
108,136,11,1,2
108,222,24,1,2
108,372,24,1,2
108,847,23,1,2
108,642,11,1,2
108,404,41,1,2
108,662,41,1,2
108,434,93,1,2
108,97,11,1,2
108,284,41,1,2
124,368,34,1,2
124,230,16,1,2
124,662,41,1,2
490,867,11,1,2
490,811,24,1,2
490,618,53,1,2
490,181,11,1,2
704,790,12,3,2
705,469,5,1,2
705,909,12,1,2
30,756,12,1,2
30,365,17,1,2
30,469,5,1,2
36,760,16,1,2
36,534,1,1,2
36,597,1,1,2
36,469,5,1,2
416,397,53,2,2
416,463,85,1,2
420,685,34,2,2
420,658,16,1,2
420,756,12,1,2
420,745,19,1,2
420,64,27,3,2
420,479,34,7,2
420,469,5,1,2
420,510,94,1,2
499,582,33,1,2
502,678,1,1,2
502,685,34,1,2
502,479,34,1,2
502,355,24,1,2
502,738,23,1,2
502,10,24,1,2
509,555,12,1,2
509,469,5,1,2
510,334,43,1,2
512,662,41,1,2
513,823,23,1,2
513,658,16,1,2
513,756,12,1,2
513,856,2,1,2
515,88,39,1,2
515,479,34,3,2
515,549,34,5,2
518,953,21,1,2
522,218,64,1,2
522,871,33,1,2
523,235,4,1,2
532,805,12,1,2
532,766,12,1,2
532,810,1,2,2
532,149,1,1,2
633,638,46,1,2
633,211,46,1,2
673,238,3,2,2
673,37,50,1,2
677,752,4,1,2
677,238,3,1,2
787,648,27,1,2
787,855,46,2,2
846,469,5,1,2
1,379,34,1,2
1,130,3,1,2
1,855,46,1,2
1,469,5,1,2
1,673,1,1,2
52,238,3,1,2
52,469,5,1,2
52,479,34,1,2
52,615,46,1,2
71,225,12,1,2
71,469,5,1,2
93,599,5,1,2
120,238,3,2,2
183,643,46,1,2
193,479,34,1,2
244,618,53,1,2
244,152,41,1,2
244,397,53,1,2
244,68,11,1,2
259,587,15,1,2
259,757,46,1,2
259,830,1,1,2
259,754,15,5,2
259,765,66,1,2
259,815,1,1,2
259,658,16,1,2
729,263,18,1,2
729,204,3,1,2
729,174,1,1,2
403,334,43,1,2
408,238,3,4,2
408,742,1,1,2
411,439,3,2,2
411,479,34,1,2
411,946,3,1,2
411,804,1,1,2
411,739,3,2,2
549,443,33,1,2
551,623,30,1,2
661,378,14,1,2
661,756,12,1,2
661,953,21,2,2
711,532,33,4,2
712,94,5,1,2
712,580,24,1,2
712,680,5,2,2
712,724,16,1,2
712,10,24,1,2
712,714,87,1,2
712,717,16,1,2
712,723,16,1,2
712,238,3,1,2
712,869,5,1,2
712,71,5,3,2
713,947,74,3,2
713,637,46,1,2
713,709,12,1,2
713,238,3,1,2
713,469,5,1,2
713,700,12,1,2
713,765,66,1,2
713,314,46,1,2
717,608,4,1,2
90,488,43,1,2
368,469,5,1,2
368,245,57,1,2
368,356,33,1,2
368,32,20,1,2
368,856,2,1,2
379,623,30,1,2
379,62,29,1,2
379,202,16,1,2
379,238,3,1,2
379,851,16,2,2
379,469,5,1,2
379,588,7,1,2
379,823,23,1,2
379,760,16,1,2
405,662,41,1,2
583,691,9,1,2
606,430,15,7,2
612,321,16,8,2
612,479,34,1,2
624,533,1,1,2
624,278,12,2,2
624,844,27,3,2
624,218,64,2,2
624,190,27,2,2
761,443,33,1,2
797,479,34,3,2
797,455,27,3,2
797,64,27,1,2
800,830,1,1,2
802,749,17,1,2
833,64,27,1,2
22,488,43,1,2
588,108,39,1,2
614,488,43,1,2
765,33,23,1,2
789,944,33,3,2
789,460,4,1,2
864,296,12,1,2
864,763,25,1,2
864,771,29,1,2
864,478,25,1,2
436,469,5,1,2
436,238,3,1,2
448,72,1,1,2
569,719,57,1,2
569,171,16,1,2
590,599,5,1,2
593,170,1,1,2
593,32,20,1,2
593,540,39,1,2
593,695,24,1,2
593,262,23,1,2
593,867,11,1,2
595,884,32,5,2
610,146,16,1,2
643,99,3,1,2
668,413,23,1,2
688,823,23,1,2
688,552,1,1,2
688,67,59,1,2
698,94,5,1,2
744,786,33,1,2
744,62,29,1,2
753,62,29,1,2
753,238,3,1,2
753,122,3,1,2
753,506,4,1,2
753,685,34,1,2
758,801,65,1,2
758,756,12,3,2
785,37,50,3,2
788,525,39,1,2
790,684,50,1,2
790,436,66,1,2
796,174,1,1,2
807,517,1,1,2
807,774,46,1,2
807,953,21,2,2
807,871,33,1,2
807,506,4,1,2
807,759,22,1,2
807,119,12,1,2
807,238,3,2,2
815,757,46,2,2
815,910,47,1,2
815,695,24,1,2
815,469,5,3,2
815,106,57,2,2
815,32,20,1,2
815,483,57,1,2
815,810,1,1,2
815,34,16,1,2
819,64,27,1,2
824,313,1,1,2
824,847,23,6,2
824,875,15,1,2
847,81,4,2,2
847,717,16,1,2
847,700,12,1,2
847,925,4,1,2
847,568,4,1,2
847,600,76,1,2
847,758,12,1,2
847,377,12,1,2
847,6,92,1,2
847,441,12,1,2
847,17,82,1,2
847,99,3,1,2
847,469,5,3,2
847,884,32,1,2
847,697,12,1,2
847,843,25,1,2
854,469,5,1,2
854,297,71,1,2
7,566,29,1,2
7,142,48,3,2
7,711,13,1,2
7,622,1,1,2
7,623,30,1,2
7,320,48,3,2
7,310,68,1,2
47,32,20,1,2
47,810,1,3,2
65,145,3,1,2
73,843,25,1,2
73,254,1,1,2
73,469,5,3,2
73,947,74,1,2
73,276,1,1,2
73,532,33,1,2
73,653,7,2,2
73,475,1,22,2
320,118,24,3,2
320,734,24,1,2
320,69,23,1,2
320,355,24,1,2
320,62,29,1,2
848,334,43,1,2
328,469,5,3,2
328,677,12,1,2
328,55,26,1,2
351,685,34,1,2
454,469,5,1,2
454,700,12,1,2
455,880,66,1,2
455,759,22,1,2
455,81,4,1,2
530,609,25,1,2
541,579,1,5,2
566,695,24,1,2
566,580,24,1,2
566,355,24,1,2
566,682,10,1,2
603,940,31,1,2
603,652,1,2,2
611,145,3,1,2
611,378,14,1,2
611,851,16,1,2
611,820,38,1,2
611,238,3,1,2
611,953,21,1,2
626,559,23,3,2
638,513,12,1,2
638,469,5,2,2
651,622,1,1,2
651,953,21,1,2
654,759,22,3,2
659,497,35,1,2
659,111,34,3,2
659,700,12,1,2
692,470,39,1,2
692,805,12,1,2
692,810,1,31,2
692,85,1,3,2
692,492,12,2,2
692,182,13,5,2
692,479,34,1,2
692,884,32,1,2
692,555,12,1,2
692,561,47,1,2
692,801,65,1,2
692,193,12,1,2
692,328,32,1,2
692,654,12,1,2
692,32,20,2,2
692,408,45,4,2
692,296,12,32,2
692,817,22,1,2
692,675,57,1,2
692,904,63,1,2
692,197,12,1,2
699,871,33,1,2
722,10,24,1,2
723,597,1,2,2
3,400,23,1,2
4,777,45,2,2
4,574,74,1,2
4,212,50,1,2
4,794,3,1,2
349,394,1,1,2
358,466,82,2,2
366,590,16,1,2
366,322,34,1,2
369,854,9,1,2
369,32,20,2,2
369,479,34,1,2
370,469,5,3,2
370,805,12,19,2
370,32,20,2,2
370,278,12,1,2
370,725,13,1,2
370,810,1,4,2
370,296,12,31,2
370,884,32,1,2
370,193,12,3,2
418,555,12,1,2
418,469,5,1,2
418,700,12,1,2
418,552,1,1,2
418,805,12,1,2
553,268,1,3,2
745,685,34,1,2
745,707,3,1,2
778,764,9,1,2
778,448,26,2,2
80,695,24,1,2
82,26,3,1,2
82,282,15,3,2
383,592,20,1,2
383,184,27,1,2
383,555,12,1,2
383,469,5,2,2
383,479,34,1,2
434,643,46,3,2
622,479,34,1,2
625,521,46,1,2
625,171,16,1,2
625,867,11,1,2
625,754,15,1,2
625,79,33,1,2
625,719,57,1,2
653,940,31,1,2
653,455,27,1,2
653,378,14,1,2
653,756,12,1,2
653,216,16,1,2
653,64,27,3,2
653,548,12,5,2
653,238,3,1,2
653,460,4,1,2
653,118,24,2,2
653,469,5,1,2
653,739,3,3,2
653,760,16,1,2
653,208,67,1,2
653,443,33,1,2
653,225,12,1,2
99,400,23,5,2
827,32,20,1,2
827,742,1,20,2
19,852,1,1,2
26,412,21,1,2
29,238,3,1,2
110,574,74,1,2
116,685,34,1,2
116,756,12,1,2
116,64,27,1,2
260,839,11,2,2
533,774,46,1,2
535,810,1,1,2
535,479,34,1,2
543,747,11,1,2
560,695,24,1,2
581,81,4,2,2
581,238,3,3,2
581,658,16,1,2
581,756,12,1,2
597,108,39,1,2
597,469,5,1,2
597,881,3,1,2
597,513,12,1,2
362,951,14,2,2
395,400,23,2,2
399,756,12,1,2
114,852,1,1,2
114,770,32,1,2
115,629,68,1,2
98,855,46,1,2
645,909,12,2,2
645,756,12,1,2
645,700,12,1,2
645,469,5,3,2
645,595,1,1,2
645,56,12,3,2
645,492,12,1,2
757,238,3,1,2
768,609,25,1,2
770,238,3,1,2
770,81,4,2,2
770,216,16,2,2
770,826,4,1,2
2,469,5,1,2
123,574,74,1,2
123,695,24,1,2
128,831,29,1,2
179,469,5,1,2
179,64,27,1,2
224,685,34,1,2
224,599,5,2,2
344,929,61,1,2
344,139,16,1,2
429,455,27,2,2
429,46,27,1,2
484,871,33,3,2
488,38,51,1,2
762,871,33,1,2
762,805,12,1,2
798,856,2,1,2
798,160,1,16,2
798,427,1,2,2
836,46,27,1,2
836,64,27,1,2
836,479,34,1,2
836,455,27,2,2
856,488,43,1,2
858,479,34,1,2
69,345,1,2,2
70,599,5,1,2
72,81,4,2,2
72,238,3,4,2
72,871,33,1,2
72,925,4,2,2
79,238,3,1,2
86,81,4,1,2
88,152,41,1,2
96,542,12,1,2
96,810,1,4,2
96,695,24,1,2
117,479,34,3,2
117,469,5,1,2
117,300,38,1,2
117,658,16,1,2
117,56,12,1,2
117,422,5,1,2
117,97,11,1,2
117,290,76,21,2
125,805,12,1,2
160,659,32,1,2
162,846,23,1,2
162,126,5,1,2
162,695,24,1,2
245,797,22,1,2
245,478,25,1,2
245,925,4,1,2
245,238,3,3,2
247,892,10,5,2
464,944,33,1,2
784,479,34,1,2
784,238,3,1,2
784,773,1,1,2
784,592,20,1,2
832,697,12,1,2
832,201,1,1,2
832,56,12,1,2
832,133,25,1,2
832,469,5,1,2
136,635,1,2,2
136,175,1,2,2
190,469,5,1,2
450,335,16,1,2
678,201,1,2,2
703,460,4,1,2
703,81,4,1,2
703,764,9,1,2
56,469,5,1,2
177,288,52,1,2
198,238,3,1,2
519,365,17,1,2
524,311,12,1,2
689,434,93,1,2
689,400,23,1,2
732,910,47,1,2
732,580,24,1,2
732,816,9,1,2
806,890,32,1,2
209,287,1,1,2
209,867,11,1,2
218,434,93,1,2
218,397,53,1,2
218,124,53,1,2
218,203,54,1,2
218,391,11,1,2
301,961,13,1,2
301,40,16,1,2
301,479,34,1,2
336,907,31,1,2
336,903,24,2,2
467,348,33,1,2
501,72,1,4,2
55,753,27,3,2
55,64,27,3,2
60,732,12,2,2
60,225,12,2,2
60,66,83,1,2
60,630,15,1,2
60,633,16,9,2
60,229,12,1,2
171,586,1,1,2
171,69,23,1,2
171,268,1,1,2
401,714,87,4,2
401,400,23,1,2
413,713,12,1,2
413,610,24,1,2
413,469,5,1,2
413,127,1,1,2
497,789,73,1,2
497,711,13,1,2
497,102,40,3,2
754,834,3,2,2
754,942,25,1,2
754,685,34,1,2
808,264,24,1,2
808,84,5,1,2
817,345,1,1,2
67,51,10,1,2
104,722,3,1,2
109,2,12,1,2
109,686,25,1,2
235,37,50,2,2
248,178,16,1,2
334,118,24,1,2
334,216,16,1,2
334,139,16,1,2
334,40,16,1,2
334,455,27,1,2
334,185,13,1,2
334,487,66,1,2
334,208,67,1,2
340,51,10,1,2
559,370,3,1,2
559,503,50,1,2
559,238,3,1,2
559,840,76,1,2
559,950,75,1,2
693,855,46,1,2
697,245,57,2,2
697,588,7,2,2
707,739,3,1,2
707,449,3,1,2
707,815,1,1,2
707,805,12,1,2
707,794,3,1,2
707,759,22,1,2
707,58,47,1,2
707,756,12,1,2
707,817,22,1,2
707,659,32,1,2
161,38,51,2,2
185,846,23,1,2
186,81,4,2,2
186,826,4,2,2
335,585,16,1,2
335,724,16,1,2
335,865,31,1,2
347,625,4,1,2
347,405,4,1,2
347,932,77,1,2
347,179,27,1,2
347,512,41,1,2
348,947,74,1,2
348,756,12,1,2
354,32,20,2,2
375,325,42,1,2
375,620,24,1,2
375,479,34,1,2
375,569,23,1,2
389,400,23,1,2
389,823,23,1,2
390,628,1,3,2
390,400,23,1,2
390,687,1,1,2
390,526,41,1,2
390,82,8,1,2
394,81,4,1,2
863,605,1,5,2
6,268,1,1,2
155,220,9,1,2
155,227,16,3,2
155,79,33,1,2
155,82,8,1,2
155,856,2,3,2
234,569,23,1,2
234,823,23,1,2
234,262,23,1,2
234,209,40,1,2
234,544,9,1,2
234,738,23,1,2
234,699,15,1,2
234,400,23,1,2
234,128,23,1,2
237,238,3,3,2
355,885,1,2,2
598,855,46,1,2
631,78,37,1,2
764,759,22,3,2
764,798,2,1,2
851,278,12,1,2
853,723,16,1,2
853,735,26,3,2
853,529,24,1,2
853,957,1,1,2
97,756,12,3,2
97,891,1,1,2
246,321,16,1,2
246,952,38,1,2
478,334,43,1,2
478,482,34,1,2
478,469,5,1,2
724,17,82,1,2
766,464,23,1,2
48,15,12,1,2
48,412,21,1,2
221,169,46,1,2
221,746,1,1,2
221,262,23,1,2
221,21,14,1,2
221,221,10,1,2
221,230,16,1,2
221,400,23,1,2
274,707,3,4,2
274,479,34,1,2
274,582,33,1,2
274,776,3,1,2
299,441,12,1,2
299,238,3,1,2
305,127,1,1,2
305,437,46,1,2
305,774,46,1,2
329,824,24,1,2
329,940,31,1,2
329,377,12,1,2
329,273,66,1,2
329,479,34,1,2
329,756,12,1,2
356,859,92,1,2
356,815,1,1,2
356,238,3,1,2
407,758,12,2,2
414,238,3,1,2
442,212,50,1,2
485,82,8,1,2
485,241,16,1,2
485,202,16,1,2
485,145,3,1,2
494,673,1,1,2
731,267,25,1,2
731,586,1,1,2
731,717,16,1,2
731,723,16,1,2
731,262,23,1,2
731,268,1,7,2
731,735,26,1,2
733,262,23,1,2
780,597,1,1,2
780,282,15,1,2
781,81,4,2,2
781,851,16,1,2
781,266,12,1,2
781,592,20,1,2
781,756,12,1,2
781,37,50,1,2
168,407,1,1,2
850,869,5,1,2
46,469,5,1,2
46,309,12,1,2
68,479,34,1,2
165,484,3,1,2
664,774,46,5,2
664,20,1,2,2
664,103,46,1,2
664,497,35,1,2
664,717,16,1,2
664,723,16,2,2
664,370,3,1,2
437,855,46,1,2
492,238,3,1,2
45,256,1,2,2
45,469,5,1,2
45,132,16,4,2
45,479,34,1,2
74,723,16,1,2
742,533,1,1,2
